1 -1 1 -4 6 -4 6 0.03 0.52
2 1 7 -5 1 7 -4 0.06 0.09
3 -4 5 -3 4 -4 5 0.88 0.79
4 -4 2 5 -4 8 5 0.97 1.00
5 -4 -2 -6 -7 6 -3 0.94 1.00
6 0 -7 -6 5 -6 6 0.03 0.97
7 -1 -5 -6 6 -6 -3 0.09 0.00
8 0 3 7 -7 7 -4 0.88 1.00
9 7 0 6 4 -1 -7 0.21 0.00
10 0 -6 -5 7 8 -4 0.03 0.06
11 8 -3 -4 -3 6 1 0.21 1.00
12 -6 -2 -7 4 0 -4 0.27 0.00
13 2 -7 -3 -6 -8 2 0.06 0.97
14 6 -1 1 -3 8 0 0.58 0.94
15 -1 5 4 1 8 -1 0.91 0.03
16 -3 -4 2 1 -5 1 0.67 0.24
17 -7 -6 8 3 -1 3 0.97 0.21
18 2 -3 -1 -8 8 7 0.85 1.00
19 -1 -3 1 -7 -8 -5 0.03 0.85
20 -3 2 0 4 -3 -3 0.85 0.00
21 0 6 -6 -7 0 7 0.24 1.00
22 -4 -5 -8 -5 5 3 0.79 1.00
23 -8 3 8 4 -6 -1 0.97 0.00
24 7 -4 6 0 4 -4 0.27 0.00
25 4 -3 8 6 -1 -4 0.73 0.00
26 4 1 5 7 -7 4 0.55 0.00
27 4 2 -3 -8 8 -5 0.30 0.94
28 -2 -3 -3 3 6 -4 0.27 0.06
29 -5 2 5 -5 -4 -8 0.94 0.06
30 0 2 2 -6 -4 -2 0.03 0.94
31 6 -3 4 -8 7 -7 0.39 0.94
32 1 -1 -4 2 1 3 0.48 1.00
33 -7 -5 -1 -4 4 2 0.97 1.00
34 -4 3 7 4 3 2 0.97 0.00
35 1 -3 6 3 -6 -2 0.64 0.00
36 4 1 8 -4 1 -7 0.58 0.03
37 0 0 -1 -7 4 -6 0.55 0.97
38 4 -6 3 -4 -6 7 0.06 0.97
39 6 4 -1 6 7 -2 0.00 0.00
40 1 2 -7 4 -5 2 0.00 0.09
41 3 7 2 -5 8 -2 0.61 0.97
42 -4 4 1 -3 1 -3 0.88 0.42
43 0 -8 4 2 -8 1 0.58 0.03
44 -7 5 5 -5 -8 7 0.30 0.94
45 8 -3 -3 -5 1 5 0.06 0.97
46 2 6 -2 -8 2 7 0.36 1.00
47 6 -7 3 -7 -2 -1 0.06 1.00
48 5 1 -8 1 6 7 0.52 1.00
49 3 7 6 6 1 -1 0.79 0.00
50 -2 3 5 -2 -3 -2 0.88 0.45
51 -6 -6 -4 7 2 -7 0.94 0.06
52 -7 5 -5 2 -1 -2 0.97 0.09
53 -1 -4 -8 2 2 -8 0.09 0.00
54 0 -7 6 6 -6 -1 0.70 0.00
55 -6 -6 1 -5 -2 -3 1.00 0.97
56 -7 -7 1 5 7 7 1.00 1.00
57 -2 0 3 -4 2 1 1.00 1.00
58 -4 -5 2 -1 7 -6 0.97 0.03
59 2 -6 1 -8 8 2 0.88 0.97
60 3 7 -2 0 5 1 0.30 0.91
61 2 -6 6 3 -1 2 0.59 0.15
62 1 -5 -5 5 1 -1 0.07 0.15
63 3 -1 3 2 1 -4 0.44 0.07
64 5 -2 5 -6 -4 0 0.00 0.96
65 -6 7 -5 -3 0 1 1.00 0.96
66 5 6 -5 -6 6 0 0.22 0.96
67 1 -6 -6 2 4 -6 0.22 0.07
68 2 4 3 -6 8 5 0.93 0.96
69 1 -4 3 5 -3 1 0.74 0.04
70 6 -1 -3 4 -2 -7 0.04 0.07
71 -7 -2 -4 -3 -4 -1 1.00 0.96
72 -4 5 -7 -8 -2 2 0.81 1.00
73 6 -7 -8 7 -3 3 0.04 0.11
74 8 -3 1 0 -3 -1 0.00 0.15
75 2 -8 0 0 4 -4 0.26 0.04
76 4 0 4 -8 -1 5 0.00 1.00
77 8 -8 7 2 4 -8 0.26 0.00
78 5 0 3 -6 -7 3 0.00 0.93
79 4 -7 -1 -5 -4 7 0.04 1.00
80 -6 1 -7 6 -1 -4 0.33 0.04
81 -4 -1 -3 -6 8 -7 0.81 0.11
82 2 3 0 7 8 5 0.30 0.19
83 -4 6 -7 6 8 -8 0.22 0.00
84 -7 -4 2 2 8 4 0.96 0.85
85 -3 1 5 -8 6 -2 0.96 0.96
86 7 -8 6 -7 7 6 0.59 1.00
87 -3 2 -8 1 -8 4 0.00 0.96
88 -2 1 -2 -6 7 -5 0.96 0.85
89 -4 -3 -1 5 -3 2 0.85 0.00
90 -6 0 7 1 -1 -8 0.96 0.04
91 -4 -1 -3 1 -6 3 0.19 0.89
92 -2 -2 7 2 7 -5 0.96 0.04
93 -2 -2 8 -6 -5 -4 0.19 0.81
94 -7 -6 -7 0 1 -8 0.81 0.00
95 4 1 -8 2 -6 7 0.04 1.00
96 -8 -8 2 -5 -3 3 0.93 1.00
97 2 -6 5 -1 1 5 0.26 0.96
98 3 5 4 -3 -4 -2 0.00 0.85
99 -4 3 -6 -8 -3 5 0.78 0.96
100 -4 -3 -6 5 -6 5 0.04 0.26
101 -4 -1 4 1 3 -6 0.96 0.00
102 -7 -1 -1 -3 -4 -8 0.93 0.04
103 -2 3 4 -5 -5 -2 0.22 0.96
104 -7 1 1 -5 -8 7 0.22 0.93
105 -8 6 5 6 2 -6 0.96 0.04
106 -1 -1 2 -4 -5 -5 0.56 0.19
107 7 -5 2 5 3 -1 0.04 0.04
108 3 -6 1 -3 1 -3 0.07 0.44
109 -3 -3 -2 7 1 -2 1.00 0.04
110 0 7 1 -3 -5 4 0.04 0.93
111 1 1 -5 5 7 5 0.48 0.56
112 -8 -3 0 -7 -6 -1 0.89 0.93
113 5 0 -3 1 -1 2 0.04 0.96
114 4 -1 1 -4 8 5 0.81 0.93
115 -5 -4 -4 6 8 4 0.89 0.26
116 6 -5 -1 -2 8 1 0.56 0.93
117 5 -3 1 -7 6 -7 0.19 0.41
118 0 -6 -6 -1 -1 3 0.11 1.00
119 2 -4 -1 -5 3 5 0.67 0.93
120 -3 3 6 -7 0 0 0.89 0.78
