1 -1 1 -4 6 -4 6
2 1 7 -5 1 7 -4
3 -4 5 -3 4 -4 5
4 -4 2 5 -4 8 5
5 -4 -2 -6 -7 6 -3
6 0 -7 -6 5 -6 6
7 -1 -5 -6 6 -6 -3
8 0 3 7 -7 7 -4
9 7 0 6 4 -1 -7
10 0 -6 -5 7 8 -4
11 8 -3 -4 -3 6 1
12 -6 -2 -7 4 0 -4
13 2 -7 -3 -6 -8 2
14 6 -1 1 -3 8 0
15 -1 5 4 1 8 -1
16 -3 -4 2 1 -5 1
17 -7 -6 8 3 -1 3
18 2 -3 -1 -8 8 7
19 -1 -3 1 -7 -8 -5
20 -3 2 0 4 -3 -3
21 0 6 -6 -7 0 7
22 -4 -5 -8 -5 5 3
23 -8 3 8 4 -6 -1
24 7 -4 6 0 4 -4
25 4 -3 8 6 -1 -4
26 4 1 5 7 -7 4
27 4 2 -3 -8 8 -5
28 -2 -3 -3 3 6 -4
29 -5 2 5 -5 -4 -8
30 0 2 2 -6 -4 -2
31 6 -3 4 -8 7 -7
32 1 -1 -4 2 1 3
33 -7 -5 -1 -4 4 2
34 -4 3 7 4 3 2
35 1 -3 6 3 -6 -2
36 4 1 8 -4 1 -7
37 0 0 -1 -7 4 -6
38 4 -6 3 -4 -6 7
39 6 4 -1 6 7 -2
40 1 2 -7 4 -5 2
41 3 7 2 -5 8 -2
42 -4 4 1 -3 1 -3
43 0 -8 4 2 -8 1
44 -7 5 5 -5 -8 7
45 8 -3 -3 -5 1 5
46 2 6 -2 -8 2 7
47 6 -7 3 -7 -2 -1
48 5 1 -8 1 6 7
49 3 7 6 6 1 -1
50 -2 3 5 -2 -3 -2
51 -6 -6 -4 7 2 -7
52 -7 5 -5 2 -1 -2
53 -1 -4 -8 2 2 -8
54 0 -7 6 6 -6 -1
55 -6 -6 1 -5 -2 -3
56 -7 -7 1 5 7 7
57 -2 0 3 -4 2 1
58 -4 -5 2 -1 7 -6
59 2 -6 1 -8 8 2
60 3 7 -2 0 5 1
61 2 -6 6 3 -1 2
62 1 -5 -5 5 1 -1
63 3 -1 3 2 1 -4
64 5 -2 5 -6 -4 0
65 -6 7 -5 -3 0 1
66 5 6 -5 -6 6 0
67 1 -6 -6 2 4 -6
68 2 4 3 -6 8 5
69 1 -4 3 5 -3 1
70 6 -1 -3 4 -2 -7
71 -7 -2 -4 -3 -4 -1
72 -4 5 -7 -8 -2 2
73 6 -7 -8 7 -3 3
74 8 -3 1 0 -3 -1
75 2 -8 0 0 4 -4
76 4 0 4 -8 -1 5
77 8 -8 7 2 4 -8
78 5 0 3 -6 -7 3
79 4 -7 -1 -5 -4 7
80 -6 1 -7 6 -1 -4
81 -4 -1 -3 -6 8 -7
82 2 3 0 7 8 5
83 -4 6 -7 6 8 -8
84 -7 -4 2 2 8 4
85 -3 1 5 -8 6 -2
86 7 -8 6 -7 7 6
87 -3 2 -8 1 -8 4
88 -2 1 -2 -6 7 -5
89 -4 -3 -1 5 -3 2
90 -6 0 7 1 -1 -8
91 -4 -1 -3 1 -6 3
92 -2 -2 7 2 7 -5
93 -2 -2 8 -6 -5 -4
94 -7 -6 -7 0 1 -8
95 4 1 -8 2 -6 7
96 -8 -8 2 -5 -3 3
97 2 -6 5 -1 1 5
98 3 5 4 -3 -4 -2
99 -4 3 -6 -8 -3 5
100 -4 -3 -6 5 -6 5
101 -4 -1 4 1 3 -6
102 -7 -1 -1 -3 -4 -8
103 -2 3 4 -5 -5 -2
104 -7 1 1 -5 -8 7
105 -8 6 5 6 2 -6
106 -1 -1 2 -4 -5 -5
107 7 -5 2 5 3 -1
108 3 -6 1 -3 1 -3
109 -3 -3 -2 7 1 -2
110 0 7 1 -3 -5 4
111 1 1 -5 5 7 5
112 -8 -3 0 -7 -6 -1
113 5 0 -3 1 -1 2
114 4 -1 1 -4 8 5
115 -5 -4 -4 6 8 4
116 6 -5 -1 -2 8 1
117 5 -3 1 -7 6 -7
118 0 -6 -6 -1 -1 3
119 2 -4 -1 -5 3 5
120 -3 3 6 -7 0 0
